-9.588510018056322
0.4844134884199998
6.168377675131609
-12.794623104356937
-13.093827163580482
-9.064403468379966
-10.97749290508512
6.4239831125538425
-8.459459136643483
-12.031617297598482
-11.115974427616713
-5.995294932336386
-11.502789237416138
-0.33555202025461767
-0.760573668499575
5.688177252034149
0.11426107291458626
-4.13627316897435
4.191449485938957
-2.5372302827831055
2.0453871400997543
-14.558265183197866
-8.019959308595501
-2.834423487867457
0.7244790854124458
-14.579779711972598
-9.756371960699388
-0.6818776215602086
-5.813313941869758
-14.381043530887043
4.641271132293842
6.38514947163658
-6.936044204109402
-5.488699727275723
-7.55712972747882
-6.6821383351661
2.6923829229241085
-6.4040822835547635
-5.751980384601497
-12.19721833723446
-11.970678576358326
-4.8800834755784095
9.332961306911846
-10.449420354393203
-0.8827611472881165
-7.777809898276697
-12.979513374147608
-2.680809175265085
0.8198828366240808
-11.208931742503173
5.127772328785314
-12.609801873831167
-5.578060019448534
-13.97276487097929
-14.377281914405208
-9.744289711694055
-11.420492120730483
-5.889227216904726
-16.660570390329326
12.417585780076365
-2.201637110349663
-0.21797949985793913
-10.955276234646
-12.193272552883956
10.23811110065943
-13.520841517960218
-15.817959307239047
-13.701582051616052
-13.358273145855252
-4.352846010881757
-11.795932613202854
-8.58469532957769
1.9529918249688658
-13.510716817146998
0.23605962061618488
-9.910611085721104
-6.287485294867614
2.404621136405189
-2.9754625652435798
-17.61117215848936
-11.015300703391
-5.78613080242386
-3.535126052155766
4.525416963142356
1.143901855531763
2.385660411523064
-10.316435576434927
7.319092638108866
-10.665521529974884
-11.451051052846127
-6.186379559839431
-11.247931826723232
-6.926686207652279
1.3566813003614404
-8.342236425920486
-15.938888255243
-3.1572016494025297
-12.430731839805032
-9.970133230434405
0.5506537066546997
-0.05738389560240472
-3.4751818051543415
-14.859304294636923
-6.310538150779061
-0.11404898120051214
6.7470272238059925
-2.684067522098417
-5.614941692434943
-10.522077597562474
-13.353827085300393
-1.2548819897370942
-10.460176626096716
-11.638908457653962
-0.9957132479319791
-5.369715816035383
-4.683279760604965
-9.972179636224148
-10.376288064059468
-11.93465941837397
-1.317986550595092
1.4019909779533237
-0.27983210654409907
-11.867681503516504
-9.02249894428221
-5.061653612318733
-1.2811333057686112
-2.656540181472445
-8.716845680245704
-11.593079594611483
-11.333874345970928
-8.158534380545438
-8.690623943800906
-13.610345762807412
0.4122236081910431
-9.24267792572067
-7.049357109370876
-9.018162624531119
6.021905123611229
-6.955512659236425
-6.868456834924368
-5.433586444580927
0.7224348773034057
-0.6611222385457813
-9.857715698552877
-10.20696378839464
-4.205307128953334
-11.119128424199433
-10.363439290759205
-4.667688648658074
-2.7207720406772293
-2.9249398137225877
-4.259946749329284
-4.32054009608861
-3.7813174984900093
-0.2526368679954972
1.0184860574276473
-10.474046578040134
-0.20848422011138296
-13.891505238343411
-12.810489132799104
-8.088603744363756
-8.459990357219505
3.6108953418760446
-7.569621457865955
3.3908639253972157
-2.0337530099349928
-8.113115448199602
-11.608387394356816
-0.09532591240795578
-8.981868441688837
-11.45194367916119
-11.278236499435248
-8.728655289982367
-1.4261199819656898
1.53444363537611
0.9734489054145604
-1.7006291415249284
-2.2739889918369913
-15.75506872447471
-0.2509883156790273
-3.7694316972504747
1.543846153378542
-7.705459257374816
1.3814101885428338
-0.4208762720233837
0.06383593895246349
1.392460969245855
0.4953591161147825
5.924579721908943
-2.931756487915551
-5.740766272876058
-9.24153862963167
-4.087411461810262
-10.665769335976977
-10.834185988642973
-5.3807791307896276
-0.5153169348291481
-0.41459688964302743
-2.5153156925919884
-0.764615231839977
-2.711458633664822
-7.9301545038940136
-9.249997443110859
-8.986954196460607
2.6394053648661777
-12.674953409282939
-1.2365402862323014
-1.378666497458832
5.1029017564897545
3.1389872766750893
-2.9645306276995043
-5.880647609261888
-2.863484843177882
-5.865942520797295
-5.507319805571006
-0.6670832486298812
-0.9847641318353155
-1.025761985339976
4.939792021196802
2.898735362905547
-7.811734470329275
-12.076948498697273
2.80610468698801
1.9582141554327062
-2.8027454910222107
0.39932195370728724
2.1545819536770616
-0.1209633581840533
-6.53742126495187
3.3453498753827495
-0.5689004559189513
-0.9300051776034035
-17.475894386950095
-5.29073151077732
0.8891489803486415
3.957196813134062
6.497588214873959
-0.9655092916206882
7.246178143829331
2.4308232458661423
-13.040362501883061
0.3908652794356985
-13.397645540789728
-7.424090685482649
-12.735131468067232
-7.478018834334269
-13.862480783673263
-16.933799407963043
7.761706848196604
3.497613987310953
14.190872491696851
-5.255218513643947
-13.843601891468895
-7.985413616224567
-4.797757173856704
-2.4450369368547764
-1.8210631270995428
-11.301532359531139
-16.83340822942039
-18.07566790865328
-8.676017245497848
-5.669173572555663
-1.6445743546185163
-5.9672186616746465
-2.577838921996459
4.74336098161563
-2.484221655757194
4.008016414565546
1.5117807092927136
-6.816099650306786
-6.318470615917325
-6.437212857188483
-3.3704065551115856
-7.87760594699126
-3.708948345459472
9.98616454000775
-6.227279232969052
-14.088402013611386
-5.919148742321463
-6.161583145604983
-4.3136900807389935
-6.391137490616005
-25.068921392460148
-4.991655472868942
-6.448306779301021
-3.510302749725061
1.786531362817501
-3.2107256902470764
-4.991521184071139
-2.1933131301985336
-5.858619647405609
-6.537721087560296
-7.506005366245965
-3.5249100314157724
12.590590667687803
-3.005201835413095
-3.4632931689833066
-2.61775518973355
-2.4683500999040815
17.1423253532709
-2.31313523262869
-0.1557989432785294
-5.530319106302367
-3.6494932372727136
0.8738414941372508
-5.134420237236156
3.639727960234038
-16.58947171292201
0.26773578063670117
-0.8871277377462203
0.6742570170116954
-1.9001379706655734
8.8466339963759
-5.30118073651366
-2.2661837649755023
-4.471610873846936
-3.465273820468498
-0.9802070759389352
-3.519822557274196
-2.822485832309548
9.50325861072153
-6.984884863878298
-11.332369814178596
-6.590274533005736
-4.414908755432107
-5.1762580972361
0.5185434582188982
4.336584126881354
20.225557315030418
-0.9201006245478905
-7.413105475214689
11.142665850627603
-1.6713346372564535
9.673323271633434
-3.91065159213781
-4.3765439331570715
-3.844060801645823
-3.5575697938682738
-4.3484868893424
-1.5229613941384315
-8.40043621207481
-6.147643698927717
-3.5018242671223687
-16.03405812707192
-3.7950924540873894
-5.814768277052535
-2.552009527815107
-0.4566067994952975
-5.448261315240843
-6.201853243824595
-5.667744406772523
-2.2792567364989256
6.774731324629872
-0.17516040029474012
-0.11018146053351956
-4.90761614597864
-5.776004674681686
-4.248891330812954
9.167093481669047
-2.7766196514834447
-7.3568629434559565
-3.459170252970426
-15.466708217764111
-7.403072585649934
-1.7575904337459054
-1.4314167554745072
4.660753741939834
-0.8041026466432393
-1.2042526685882238
10.226560125154561
-4.85154713675329
-5.998275012478916
-5.199266318889637
12.042995297106573
-4.945084128477769
120.0
-4.60342393008046
-1.8092332778410507
-0.7463758185649618
-3.9808195650433915
-3.433652690921305
-3.920483191896223
-9.771694079876253
-4.418767809268097
-3.482095590178202
-4.514822271778331
-10.89887625774484
-1.417193816706168
1.90981499094914
4.659906576307007
2.629346446039773
-0.27810139365995595
6.662340779306786
1.6879207182002873
1.5657705147311964
-0.008781386058723094
2.4737789125404577
0.8119028910835551
1.4920317039733122
7.587922409599897
0.7178771397489244
0.03150103589974499
1.4295838131598875
6.152011985252824
3.356145106266189
-0.7233971680869006
-3.6226211707596967
-3.5745839447754935
-4.650046185176328
-6.283559430702294
8.290316924998827
14.273393802338694
-22.508537246723265
-4.279259287037575
-0.423665860798581
-12.181202207586209
-5.738675003861064
2.8666074139489885
-1.137390227024529
-3.706962549560629
-5.347671209159494
14.226582546896077
2.5658763776608318
-4.398040702368848
-5.526937608784298
-5.2802416164745285
-1.5667781388314652
-2.981831033556142
-4.59281516191761
-4.244516911513265
-1.9988681861595878
-4.89521513747428
-0.011327197273702495
0.5606563690984144
7.565686390356452
3.2612114793314264
-2.28885865907285
-1.0630786695956242
-1.480309970355058
-2.362929565417863
7.073580290309513
40.47098708589239
-0.5649822819371009
2.059929951046063
-2.3468240385172017
4.712640641779311
2.9483646285278082
-1.5791415935167832
-1.584031915387356
-2.3499532266829903
-1.8378119069357854
-3.0736093323605247
-0.669724884071254
-3.6835041769836643
-1.6373784898346517
0.9345059831610842
-0.15454854729569367
0.38735355650684256
-0.907980572901491
1.6851880692231125
10.260682927101819
-8.4212885902009
0.9584682109851922
6.247710068178952
4.5591645106418985
5.035486433519515
-1.4490791887007868
1.5287409615867367
-1.5741274521810737
13.864260381746945
-27.057396619530433
-0.6780184251661271
4.015841518005977
3.3357213161430583
-0.6078609439040322
1.967650529695559
1.6645277891359884
-1.3028381154723188
3.1832030393943556
-0.5221347081874977
7.753776618446596
2.1844719041616303
6.400015635316065
-0.7729632143281954
3.404672723254367
2.074643432454824
1.7236641067454703
-0.9269995339720102
1.392702767262955
1.8104687422774266
1.0333537887448645
-2.1248275546555377
-0.5333728212929544
5.747487907629034
-3.401588710844604
-2.636865110319096
-1.226491807602805
-1.5222390787213016
-2.855044437256162
0.013992360453042984
15.238503379536363
-4.446729777905518
-5.182558196321061
-0.5555766133049612
5.130453049390261
-0.018028019462958393
2.9824310148952295
3.8725888157139545
-8.84839216030945
-5.518469085011855
-0.48991616993747894
-11.273028834302156
3.9096426946561196
0.9604112000194632
17.486154743735487
2.733135212038027
23.137985501706105
5.287459337263362
3.826942200991908
-7.750246340217007
9.672454479247723
3.77662056830056
-2.7302799728991523
-4.463151234910104
4.926138473386167
-2.257350638482166
-0.6969657338772833
-22.638676048421626
-1.8816866147168891
-2.570144435230618
-0.30677607955082214
2.180480162266479
9.762115902591757
-7.0358134385301065
-4.18000540285511
14.750613423362113
-19.584261256186803
-4.766526230534641
18.037497377196505
14.472841683311895
-5.837546138247529
-0.28601791984207225
1.3579015818765783
1.667695541338628
-0.2750960112187508
10.414354207263285
-10.725307997243272
15.62013053125556
-33.284029525148824
2.4254000439492454
1.9248419282225055
5.7476486837086425
0.8896757077876236
6.078638437294903
1.1735306370370984
9.176055278857
-1.0815972448536202
17.159301417580636
-0.9921282036742292
14.299999436852875
-0.8173384874954269
-0.5716982123349238
17.623818169863124
-20.21334925536601
7.5740961440427546
3.8183080601337416
-6.476229149423828
-2.9105020153352554
-3.0650526897606523
3.2381834649424737
-2.8370008273589926
-2.976405396257662
-2.684065606731932
11.337117055219407
3.70637959167275
3.9550921892988935
13.773120035946544
3.3255444735117488
4.702181488612435
-5.765211235636552
-13.34850710654202
-2.7001876951747414
1.4071241529895298
11.477932937606235
-6.719591047115482
2.2095891505954497
0.027555364419007248
-0.905671813998223
0.07562094330784705
-0.610312333107426
2.0746897210562096
-2.491204815647033
11.583001546696003
5.788667675380628
9.15887504613571
-3.008139651775579
-3.8863893440942197
-6.651877659219523
-4.4535143666399035
2.361238099381023
-3.8140222699213084
-5.065561106195004
-3.2578929830704846
2.4398361447858705
-0.08558339721616141
0.9452306246627815
0.3337338592093153
-0.9497577124944102
1.920898621682348
-1.1382399422004723
-1.434599990609995
3.130274449564703
0.5127178919637654
11.624679660305269
-15.1980733010923
10.108729932845364
-2.981564646273233
-1.9865551866430264
2.034783109818428
-2.746992067350933
19.251592496790238
0.7732221782411988
6.042661339387062
-1.2909710837843482
-3.0769492792786206
2.1283957067691373
-0.540270266714358
-2.48554511328317
-2.5008405437837493
-3.152514341209814
-4.586051920284301
3.878674859001634
3.3453859904821632
16.458727783066855
6.794545787305875
-20.137417096374797
3.6492990172540685
3.220841750345197
-0.8556502038169302
-0.6732982921035504
0.9084031812914053
9.377030900525991
-2.8291168506378708
16.30836797890911
-15.512992334090518
12.808090368972746
3.562093837205792
-1.5122293234663526
7.12364105687219
3.8304943996144094
1.1771664118603868
-1.4613184794443856
-0.07681788540934327
-1.8977664712221727
-1.1170819713731517
0.386482771727223
-0.9269353130704566
8.618529411936581
-10.916853745671304
-1.5496456920803392
4.9337734118974925
-1.3891543691919468
0.4314752408083908
-1.7695376629520412
25.80627624480086
-5.064606077832612
-1.695671378757599
1.9728053134476582
25.6410445050099
-4.455425925018056
2.2840159497670487
10.200549858777155
-25.590987331657495
-0.31739309125231463
-1.34109670854079
11.699713801707277
-1.528858155939673
-0.4669017011015127
-3.0675810331489988
-1.2957139697315432
5.311242198151517
-2.901782852034596
-1.3249789060242378
-2.471897742726517
-4.254786426810795
3.428154194682668
-4.410523603363761
8.59357136267787
3.699823054285756
-8.154565173352228
-3.063859284436036
2.041434354510251
-0.855022209489585
0.11800075622730861
1.9923442825079138
9.105458898565642
6.687584857888771
4.292963632174331
-4.029914068586002
8.470228544738047
-1.71205182628383
-4.866758275984528
-2.435655178629126
3.4360953349612964
3.918560665381947
-0.5900681539675138
4.338151491047433
1.0324770185531589
8.501980442454348
3.1452466355318576
5.313799517132042
5.1137797352481655
9.472396013275821
3.5512892090552666
6.008755657496266
8.846144972513313
11.211128682048301
12.859146689744701
-0.12216826745578051
2.133087708073953
-2.9211277505797932
4.873182183105339
-1.5039613863955896
-0.090895130639482
-0.3606217928911281
1.6148349884483932
4.650255998853863
-1.5265660982302147
9.209723847965476
15.033060866061644
-1.4801299315706478
4.799008645625532
-4.515493455553191
-1.2562143877849925
2.71878876422757
8.228596436524043
9.483909507211642
4.274775873882297
1.9851152529206646
1.7478231686309542
4.718627888103152
5.575706434117048
11.722474317272152
-0.5341329367929261
3.588795878403703
10.075843164313719
9.331596646313123
-2.591779223094066
-2.884636328420813
10.822859316516771
-2.4046233019114935
5.0435864169527225
2.6597988165367865
-8.289626427572061
10.086225698438646
-2.8864301342003573
5.640987385654372
5.8877651593173095
6.855043515255282
-1.8188565721277643
10.295139830942182
-4.980266689808612
-2.1991827617110924
4.929333572610274
0.06508968273386972
-0.3493670877199665
2.939919392239428
10.23035458530722
7.845952601494626
11.557251974900288
4.127593487454817
-0.7162497797480392
-10.941799888352822
3.8501168999996707
2.453904146664716
10.897486467657066
8.821275973931304
1.528454876595211
7.476638665530718
0.05515966396986812
-3.6216974014479764
-1.1141670387819964
13.389691859882921
0.40672628033674646
27.19527089933956
1.843310447842609
4.755855761456851
-0.08245099396557899
1.3311768480086954
1.3299386750941251
-8.179687325463359
12.422808937021697
2.2813710499395916
9.67200230643427
-0.8785931223714449
-8.178988675193766
18.1192760346668
-10.915208906103851
0.838361961965332
30.829481407402273
-1.9791296223874837
-1.51914099552864
10.721139965623887
2.1445429872160076
-1.0187042922908747
-2.9280675304089
7.517555724963809
-0.2445322955306456
0.29881147883422177
-0.7904613836125384
-1.231357150020753
-1.8143685648717107
-1.0883599761251068
3.9659888622486084
-3.2078997302362677
-0.2827378325022614
-1.3871931432138904
10.599888544354611
-1.8446265943938156
3.949361226527509
5.7999056743105255
-19.9243747017917
-1.4271598378517576
5.3772732533098715
13.130582530291719
-3.6931194133452223
7.569920190495102
4.746381101027157
1.8509769752194354
10.662444508726521
11.498546733589903
-1.2167013363620591
0.3662625606780162
-1.6726788552670255
3.0872008825353388
-13.651066529537125
-0.7720164343230623
-0.36657736904579935
3.006755914060032
0.9238140891209181
-4.616611680539783
19.13937593418657
-5.271447227978815
-2.161934958026842
12.905436061739117
3.991331453245956
2.4860415446733324
-0.41375348148994495
1.0151290273095117
-0.8848392395438655
5.7956262271354575
-0.04207782920199112
-2.5671772838212634
10.984887279792549
0.28369318480257666
7.084072817300555
6.990807808935441
-1.380414833924951
0.6283617149555782
0.05637372169166294
5.207634194984239
0.9812508186663813
2.256340049192822
1.7296512772395956
10.098877968668885
1.9388170055802736
7.153808561074573
-0.6336335436934427
3.9921323982679375
-0.010591322815801451
-1.2770346849987901
2.9495428239647548
4.145791355060889
4.102001406818363
-3.4321906530149033
3.228912747760806
-1.8774708303746885
-2.8466189165486804
-0.4434096064403805
6.8309095708935565
120.0
-5.672004221583539
-1.4783894440109742
-3.025211984192239
5.515746454273392
-48.73440594875559
6.835887706202591
9.135004332789737
-0.17246450954951786
10.981596676515087
5.357644358233019
-2.9217502416066985
-0.6086028457748858
-0.7135449111913869
1.984837842380615
5.644445261278358
13.222075741709071
-1.4349456812138026
-1.3637825585163699
7.063189999607397
4.806867243807724
-3.360827194789585
1.1249715008731456
-2.2052780020526557
-5.299034691031653
3.574475493404509
-11.23255727188831
-1.864604161344636
-1.2789558779473253
-1.5709084351885818
-1.0108668657228412
-1.259557631256198
-4.878328286363182
0.5500835996385176
3.6431600918344147
-16.336109710216654
-5.338649366716987
6.399945593749801
-1.4081662208922174
-3.802969094703661
9.37551411487409
-4.679831326753141
-4.669194739928769
12.382545971446085
5.544687688096536
8.287836958254072
3.624113630477781
2.078059078801743
4.996248796916417
-0.407917388780173
2.4212422689068407
0.2738987177419421
0.005116798669357005
-0.030804239874473945
1.4249535020584652
-1.0449420722348812
1.9787574005713202
19.698642126596468
-8.167717183485145
19.878702780619047
-9.435829948523326
9.68030279743249
-0.42516027170586207
-1.9051398672527577
8.174342812832242
6.301220470088383
4.6242292219162024
-3.3939560278115697
19.007144953862046
3.689726749232946
-4.291830118781106
17.39544100140785
-0.587468015141299
-0.5348412376611789
-0.04430294994221228
6.45614560245671
-0.20706090114271133
0.27488788901319555
-1.6446972785259137
0.007003773712322088
6.750715497987208
11.075769061779415
7.7149021339644595
3.291350117239004
0.28142355526878504
11.500778689519327
1.0013941131194015
12.64684898103268
3.435070139048574
-2.991011229975906
2.4064405878351955
20.88548850421566
-2.048943340186376
-0.7188412100552489
0.9270575801218051
0.3367360742770316
-1.6637249924795883
1.9216176331750663
-8.465134797858624
0.24760268890779538
-0.6173761510300441
-0.903417775767974
-0.567940407231364
2.954957399962984
4.479960052491031
-0.673920763552978
2.3279995344126836
-0.5947716880558811
-1.849655006161906
3.3023447377852673
3.6192583747093057
-0.2280762312384411
3.5533535704420856
2.776808512285812
3.727703082935217
11.342565469937009
-2.921770760935642
5.99234479953257
14.724267568698535
8.194192102875926
-1.9143379068381912
-0.3831332311520239
21.574415632161386
-3.677655615022749
2.5045077736913486
-0.7078148305237039
10.953406115370854
7.0547849414421755
0.424961665738519
0.9361355200784519
-1.2029619714963988
-2.9319779661188066
0.37209944966577113
-2.586388236564249
-2.622560268187085
1.3371024034528596
-2.0139057136098613
-1.593516859845193
-3.325016159698265
17.955170357852246
1.7408279499844133
0.2224147902900949
5.971162221341617
-1.3908312502911488
-2.5512851709507856
-1.7644349466340372
-1.3254213525075673
9.119313975539532
0.5765486063826846
1.1151223938101782
0.13517852060706426
-1.8682085136096078
5.102288133980171
-4.111183205968321
0.6003984573473309
10.77156552680117
-4.73851131030278
5.397327693769199
5.8536778017641735
9.87985925745445
-8.922853911861681
5.088400835236474
7.566122197661386
2.14898278284499
6.899915880805141
1.5448654414915215
-4.49386598683716
-0.07867969563044219
2.3980477389672537
-1.6932081480940488
-0.971803995549085
-3.797632637576252
-1.0766955571611454
10.040432732766277
-0.7333565347510962
21.90483245300516
-4.906763866494972
9.626471399005199
5.24324492329636
-0.5685469658461878
-1.0443318539273132
10.408631428263938
-1.7206354483006887
3.0966361862681153
3.9174447677507045
3.6023956164902464
0.9639498363172563
-0.8970906046705686
-1.2548389566029292
-0.029092039153729318
0.08769913533013518
0.873312449422558
0.2748016726291414
1.4512227578011458
-0.4843665864523924
9.891816399263584
6.804122798271787
5.25202146528499
1.0895106317970742
0.8414616952602786
-10.654077580097773
-1.10224302960613
16.286980943459064
